50.00,50.00,50.00,50.00,50.00,50.00,50.00,50.00,50.00,50.00,50.00,50.00,50.00,50.00,50.00,50.00,50.00,50.00,50.00,50.00,50.00,50.00,50.00,50.00,50.00,50.00,50.00,50.00,50.00,50.00,50.00,50.00,50.00,50.00,50.00,50.00,50.00,50.00,50.00,50.00,50.00,50.00,50.00,50.00,50.00,50.00,50.00,50.00,50.00,50.00,50.00,50.00,50.00,50.00,50.00,50.00,50.00,50.00,50.00,50.00,50.00,50.00,50.00,50.00,50.00,50.00,50.00,50.00,50.00,50.00,50.00,50.00,50.00,50.00,50.00,50.00,50.00,50.00,50.00,50.00,50.00,50.00,50.00,50.00,50.00,50.00,50.00,50.00,50.00,50.00,50.00,50.00,50.00,50.00,50.00,50.00,50.00,50.00,50.00,50.00
50.00,50.00,50.00,50.00,50.00,50.00,50.00,50.00,50.00,50.00,50.00,50.00,50.00,50.00,50.00,50.00,50.00,50.00,50.00,50.00,50.00,50.00,50.00,50.00,50.00,50.00,50.00,50.00,50.00,50.00,50.00,50.00,50.00,50.00,50.00,50.00,50.00,50.00,50.00,50.00,50.00,50.00,50.00,50.00,50.00,50.00,50.00,50.00,50.00,50.00,50.00,50.00,50.00,50.00,50.00,50.00,50.00,50.00,50.00,50.00,50.00,50.00,50.00,50.00,50.00,50.00,50.00,50.00,50.00,50.00,50.00,50.00,50.00,50.00,50.00,50.00,50.00,50.00,50.00,50.00,50.00,50.00,50.00,50.00,50.00,50.00,50.00,50.00,50.00,50.00,50.00,50.00,50.00,50.00,50.00,50.00,50.00,50.00,50.00,50.00
50.00,50.00,50.00,50.00,50.00,50.00,50.00,50.00,50.00,50.00,50.00,50.00,50.00,50.00,50.00,50.00,50.00,50.00,50.00,50.00,50.00,50.00,50.00,50.00,50.00,50.00,50.00,50.00,50.00,50.00,50.00,50.00,50.00,50.00,50.00,50.00,50.00,50.00,50.00,50.00,50.00,50.00,50.00,50.00,50.00,50.00,50.00,50.00,50.00,50.00,50.00,50.00,50.00,50.00,50.00,50.00,50.00,50.00,50.00,50.00,50.00,50.00,50.00,50.00,50.00,50.00,50.00,50.00,50.00,50.00,50.00,50.00,50.00,50.00,50.00,50.00,50.00,50.00,50.00,50.00,50.00,50.00,50.00,50.00,50.00,50.00,50.00,50.00,50.00,50.00,50.00,50.00,50.00,50.00,50.00,50.00,50.00,50.00,50.00,50.00
50.00,50.00,50.00,50.00,50.00,50.00,50.00,50.00,50.00,50.00,50.00,50.00,50.00,50.00,50.00,50.00,50.00,50.00,50.00,50.00,50.00,50.00,50.00,50.00,50.00,50.00,50.00,50.00,50.00,50.00,50.00,50.00,50.00,50.00,50.00,50.00,50.00,50.00,50.00,50.00,50.00,50.00,50.00,50.00,50.00,50.00,50.00,50.00,50.00,50.00,50.00,50.00,50.00,50.00,50.00,50.00,50.00,50.00,50.00,50.00,50.00,50.00,50.00,50.00,50.00,50.00,50.00,50.00,50.00,50.00,50.00,50.00,50.00,50.00,50.00,50.00,50.00,50.00,50.00,50.00,50.00,50.00,50.00,50.00,50.00,50.00,50.00,50.00,50.00,50.00,50.00,50.00,50.00,50.00,50.00,50.00,50.00,50.00,50.00,50.00
50.00,50.00,50.00,50.00,50.00,50.00,50.00,50.00,50.00,50.00,50.00,50.00,50.00,50.00,50.00,50.00,50.00,50.00,50.00,50.00,50.00,50.00,50.00,50.00,50.00,50.00,50.00,50.00,50.00,50.00,50.00,50.00,50.00,50.00,50.00,50.00,50.00,50.00,50.00,50.00,50.00,50.00,50.00,50.00,50.00,50.00,50.00,50.00,50.00,50.00,50.00,50.00,50.00,50.00,50.00,50.00,50.00,50.00,50.00,50.00,50.00,50.00,50.00,50.00,50.00,50.00,50.00,50.00,50.00,50.00,50.00,50.00,50.00,50.00,50.00,50.00,50.00,50.00,50.00,50.00,50.00,50.00,50.00,50.00,50.00,50.00,50.00,50.00,50.00,50.00,50.00,50.00,50.00,50.00,50.00,50.00,50.00,50.00,50.00,50.00
50.00,50.00,50.00,50.00,50.00,50.00,50.00,50.00,50.00,50.00,50.00,50.00,50.00,50.00,50.00,50.00,50.00,50.00,50.00,50.00,50.00,50.00,50.00,50.00,50.00,50.00,50.00,50.00,50.00,50.00,50.00,50.00,50.00,50.00,50.00,50.00,50.00,50.00,50.00,50.00,50.00,50.00,50.00,50.00,50.00,50.00,50.00,50.00,50.00,50.00,50.00,50.00,50.00,50.00,50.00,50.00,50.00,50.00,50.00,50.00,50.00,50.00,50.00,50.00,50.00,50.00,50.00,50.00,50.00,50.00,50.00,50.00,50.00,50.00,50.00,50.00,50.00,50.00,50.00,50.00,50.00,50.00,50.00,50.00,50.00,50.00,50.00,50.00,50.00,50.00,50.00,50.00,50.00,50.00,50.00,50.00,50.00,50.00,50.00,50.00
50.00,50.00,50.00,50.00,50.00,50.00,50.00,50.00,50.00,50.00,50.00,50.00,50.00,50.00,50.00,50.00,50.00,50.00,50.00,50.00,50.00,50.00,50.00,50.00,50.00,50.00,50.00,50.00,50.00,50.00,50.00,50.00,50.00,50.00,50.00,50.00,50.00,50.00,50.00,50.00,50.00,50.00,50.00,50.00,50.00,50.00,50.00,50.00,50.00,50.00,50.00,50.00,50.00,50.00,50.00,50.00,50.00,50.00,50.00,50.00,50.00,50.00,50.00,50.00,50.00,50.00,50.00,50.00,50.00,50.00,50.00,50.00,50.00,50.00,50.00,50.00,50.00,50.00,50.00,50.00,50.00,50.00,50.00,50.00,50.00,50.00,50.00,50.00,50.00,50.00,50.00,50.00,50.00,50.00,50.00,50.00,50.00,50.00,50.00,50.00
50.00,50.00,50.00,50.00,50.00,50.00,50.00,50.00,50.00,50.00,50.00,50.00,50.00,50.00,50.00,50.00,50.00,50.00,50.00,50.00,50.00,50.00,50.00,50.00,50.00,50.00,50.00,50.00,50.00,50.00,50.00,50.00,50.00,50.00,50.00,50.00,50.00,50.00,50.00,50.00,50.00,50.00,50.00,50.00,50.00,50.00,50.00,50.00,50.00,50.00,50.00,50.00,50.00,50.00,50.00,50.00,50.00,50.00,50.00,50.00,50.00,50.00,50.00,50.00,50.00,50.00,50.00,50.00,50.00,50.00,50.00,50.00,50.00,50.00,50.00,50.00,50.00,50.00,50.00,50.00,50.00,50.00,50.00,50.00,50.00,50.00,50.00,50.00,50.00,50.00,50.00,50.00,50.00,50.00,50.00,50.00,50.00,50.00,50.00,50.00
50.00,50.00,50.00,50.00,50.00,50.00,50.00,50.00,50.00,50.00,50.00,50.00,50.00,50.00,50.00,50.00,50.00,50.00,50.00,50.00,50.00,50.00,50.00,50.00,50.00,50.00,50.00,50.00,50.00,50.00,50.00,50.00,50.00,50.00,50.00,50.00,50.00,50.00,50.00,50.00,50.00,50.00,50.00,50.00,50.00,50.00,50.00,50.00,50.00,50.00,50.00,50.00,50.00,50.00,50.00,50.00,50.00,50.00,50.00,50.00,50.00,50.00,50.00,50.00,50.00,50.00,50.00,50.00,50.00,50.00,50.00,50.00,50.00,50.00,50.00,50.00,50.00,50.00,50.00,50.00,50.00,50.00,50.00,50.00,50.00,50.00,50.00,50.00,50.00,50.00,50.00,50.00,50.00,50.00,50.00,50.00,50.00,50.00,50.00,50.00
50.00,50.00,50.00,50.00,50.00,50.00,50.00,50.00,50.00,50.00,50.00,50.00,50.00,50.00,50.00,50.00,50.00,50.00,50.00,50.00,50.00,50.00,50.00,50.00,50.00,50.00,50.00,50.00,50.00,50.00,50.00,50.00,50.00,50.00,50.00,50.00,50.00,50.00,50.00,50.00,50.00,50.00,50.00,50.00,50.00,50.00,50.00,50.00,50.00,50.00,50.00,50.00,50.00,50.00,50.00,50.00,50.00,50.00,50.00,50.00,50.00,50.00,50.00,50.00,50.00,50.00,50.00,50.00,50.00,50.00,50.00,50.00,50.00,50.00,50.00,50.00,50.00,50.00,50.00,50.00,50.00,50.00,50.00,50.00,50.00,50.00,50.00,50.00,50.00,50.00,50.00,50.00,50.00,50.00,50.00,50.00,50.00,50.00,50.00,50.00
50.00,50.00,50.00,50.00,50.00,50.00,50.00,50.00,50.00,50.00,50.00,50.00,50.00,50.00,50.00,50.00,50.00,50.00,50.00,50.00,50.00,50.00,50.00,50.00,50.00,50.00,50.00,50.00,50.00,50.00,50.00,50.00,50.00,50.00,50.00,50.00,50.00,50.00,50.00,50.00,50.00,50.00,50.00,50.00,50.00,50.00,50.00,50.00,50.00,50.00,50.00,50.00,50.00,50.00,50.00,50.00,50.00,50.00,50.00,50.00,50.00,50.00,50.00,50.00,50.00,50.00,50.00,50.00,50.00,50.00,50.00,50.00,50.00,50.00,50.00,50.00,50.00,50.00,50.00,50.00,50.00,50.00,50.00,50.00,50.00,50.00,50.00,50.00,50.00,50.00,50.00,50.00,50.00,50.00,50.00,50.00,50.00,50.00,50.00,50.00
50.00,50.00,50.00,50.00,50.00,50.00,50.00,50.00,50.00,50.00,50.00,50.00,50.00,50.00,50.00,50.00,50.00,50.00,50.00,50.00,50.00,50.00,50.00,50.00,50.00,50.00,50.00,50.00,50.00,50.00,50.00,50.00,50.00,50.00,50.00,50.00,50.00,50.00,50.00,50.00,50.00,50.00,50.00,50.00,50.00,50.00,50.00,50.00,50.00,50.00,50.00,50.00,50.00,50.00,50.00,50.00,50.00,50.00,50.00,50.00,50.00,50.00,50.00,50.00,50.00,50.00,50.00,50.00,50.00,50.00,50.00,50.00,50.00,50.00,50.00,50.00,50.00,50.00,50.00,50.00,50.00,50.00,50.00,50.00,50.00,50.00,50.00,50.00,50.00,50.00,50.00,50.00,50.00,50.00,50.00,50.00,50.00,50.00,50.00,50.00
50.00,50.00,50.00,50.00,50.00,50.00,50.00,50.00,50.00,50.00,50.00,50.00,50.00,50.00,50.00,50.00,50.00,50.00,50.00,50.00,50.00,50.00,50.00,50.00,50.00,50.00,50.00,50.00,50.00,50.00,50.00,50.00,50.00,50.00,50.00,50.00,50.00,50.00,50.00,50.00,50.00,50.00,50.00,50.00,50.00,50.00,50.00,50.00,50.00,50.00,50.00,50.00,50.00,50.00,50.00,50.00,50.00,50.00,50.00,50.00,50.00,50.00,50.00,50.00,50.00,50.00,50.00,50.00,50.00,50.00,50.00,50.00,50.00,50.00,50.00,50.00,50.00,50.00,50.00,50.00,50.00,50.00,50.00,50.00,50.00,50.00,50.00,50.00,50.00,50.00,50.00,50.00,50.00,50.00,50.00,50.00,50.00,50.00,50.00,50.00
50.00,50.00,50.00,50.00,50.00,50.00,50.00,50.00,50.00,50.00,50.00,50.00,50.00,50.00,50.00,50.00,50.00,50.00,50.00,50.00,50.00,50.00,50.00,50.00,50.00,50.00,50.00,50.00,50.00,50.00,50.00,50.00,50.00,50.00,50.00,50.00,50.00,50.00,50.00,50.00,50.00,50.00,50.00,50.00,50.00,50.00,50.00,50.00,50.00,50.00,50.00,50.00,50.00,50.00,50.00,50.00,50.00,50.00,50.00,50.00,50.00,50.00,50.00,50.00,50.00,50.00,50.00,50.00,50.00,50.00,50.00,50.00,50.00,50.00,50.00,50.00,50.00,50.00,50.00,50.00,50.00,50.00,50.00,50.00,50.00,50.00,50.00,50.00,50.00,50.00,50.00,50.00,50.00,50.00,50.00,50.00,50.00,50.00,50.00,50.00
50.00,50.00,50.00,50.00,50.00,50.00,50.00,50.00,50.00,50.00,50.00,50.00,50.00,50.00,50.00,50.00,50.00,50.00,50.00,50.00,50.00,50.00,50.00,50.00,50.00,50.00,50.00,50.00,50.00,50.00,50.00,50.00,50.00,50.00,50.00,50.00,50.00,50.00,50.00,50.00,50.00,50.00,50.00,50.00,50.00,50.00,50.00,50.00,50.00,50.00,50.00,50.00,50.00,50.00,50.00,50.00,50.00,50.00,50.00,50.00,50.00,50.00,50.00,50.00,50.00,50.00,50.00,50.00,50.00,50.00,50.00,50.00,50.00,50.00,50.00,50.00,50.00,50.00,50.00,50.00,50.00,50.00,50.00,50.00,50.00,50.00,50.00,50.00,50.00,50.00,50.00,50.00,50.00,50.00,50.00,50.00,50.00,50.00,50.00,50.00
50.00,50.00,50.00,50.00,50.00,50.00,50.00,50.00,50.00,50.00,50.00,50.00,50.00,50.00,50.00,50.00,50.00,50.00,50.00,50.00,50.00,50.00,50.00,50.00,50.00,50.00,50.00,50.00,50.00,50.00,50.00,50.00,50.00,50.00,50.00,50.00,50.00,50.00,50.00,50.00,50.00,50.00,50.00,50.00,50.00,50.00,50.00,50.00,50.00,50.00,50.00,50.00,50.00,50.00,50.00,50.00,50.00,50.00,50.00,50.00,50.00,50.00,50.00,50.00,50.00,50.00,50.00,50.00,50.00,50.00,50.00,50.00,50.00,50.00,50.00,50.00,50.00,50.00,50.00,50.00,50.00,50.00,50.00,50.00,50.00,50.00,50.00,50.00,50.00,50.00,50.00,50.00,50.00,50.00,50.00,50.00,50.00,50.00,50.00,50.00
50.00,50.00,50.00,50.00,50.00,50.00,50.00,50.00,50.00,50.00,50.00,50.00,50.00,50.00,50.00,50.00,50.00,50.00,50.00,50.00,50.00,50.00,50.00,50.00,50.00,50.00,50.00,50.00,50.00,50.00,50.00,50.00,50.00,50.00,50.00,50.00,50.00,50.00,50.00,50.00,50.00,50.00,50.00,50.00,50.00,50.00,50.00,50.00,50.00,50.00,50.00,50.00,50.00,50.00,50.00,50.00,50.00,50.00,50.00,50.00,50.00,50.00,50.00,50.00,50.00,50.00,50.00,50.00,50.00,50.00,50.00,50.00,50.00,50.00,50.00,50.00,50.00,50.00,50.00,50.00,50.00,50.00,50.00,50.00,50.00,50.00,50.00,50.00,50.00,50.00,50.00,50.00,50.00,50.00,50.00,50.00,50.00,50.00,50.00,50.00
50.00,50.00,50.00,50.00,50.00,50.00,50.00,50.00,50.00,50.00,50.00,50.00,50.00,50.00,50.00,50.00,50.00,50.00,50.00,50.00,50.00,50.00,50.00,50.00,50.00,50.00,50.00,50.00,50.00,50.00,50.00,50.00,50.00,50.00,50.00,50.00,50.00,50.00,50.00,50.00,50.00,50.00,50.00,50.00,50.00,50.00,50.00,50.00,50.00,50.00,50.00,50.00,50.00,50.00,50.00,50.00,50.00,50.00,50.00,50.00,50.00,50.00,50.00,50.00,50.00,50.00,50.00,50.00,50.00,50.00,50.00,50.00,50.00,50.00,50.00,50.00,50.00,50.00,50.00,50.00,50.00,50.00,50.00,50.00,50.00,50.00,50.00,50.00,50.00,50.00,50.00,50.00,50.00,50.00,50.00,50.00,50.00,50.00,50.00,50.00
50.00,50.00,50.00,50.00,50.00,50.00,50.00,50.00,50.00,50.00,50.00,50.00,50.00,50.00,50.00,50.00,50.00,50.00,50.00,50.00,50.00,50.00,50.00,50.00,50.00,50.00,50.00,50.00,50.00,50.00,50.00,50.00,50.00,50.00,50.00,50.00,50.00,50.00,50.00,50.00,50.00,50.00,50.00,50.00,50.00,50.00,50.00,50.00,50.00,50.00,50.00,50.00,50.00,50.00,50.00,50.00,50.00,50.00,50.00,50.00,50.00,50.00,50.00,50.00,50.00,50.00,50.00,50.00,50.00,50.00,50.00,50.00,50.00,50.00,50.00,50.00,50.00,50.00,50.00,50.00,50.00,50.00,50.00,50.00,50.00,50.00,50.00,50.00,50.00,50.00,50.00,50.00,50.00,50.00,50.00,50.00,50.00,50.00,50.00,50.00
50.00,50.00,50.00,50.00,50.00,50.00,50.00,50.00,50.00,50.00,50.00,50.00,50.00,50.00,50.00,50.00,50.00,50.00,50.00,50.00,50.00,50.00,50.00,50.00,50.00,50.00,50.00,50.00,50.00,50.00,50.00,50.00,50.00,50.00,50.00,50.00,50.00,50.00,50.00,50.00,50.00,50.00,50.00,50.00,50.00,50.00,50.00,50.00,50.00,50.00,50.00,50.00,50.00,50.00,50.00,50.00,50.00,50.00,50.00,50.00,50.00,50.00,50.00,50.00,50.00,50.00,50.00,50.00,50.00,50.00,50.00,50.00,50.00,50.00,50.00,50.00,50.00,50.00,50.00,50.00,50.00,50.00,50.00,50.00,50.00,50.00,50.00,50.00,50.00,50.00,50.00,50.00,50.00,50.00,50.00,50.00,50.00,50.00,50.00,50.00
50.00,50.00,50.00,50.00,50.00,50.00,50.00,50.00,50.00,50.00,50.00,50.00,50.00,50.00,50.00,50.00,50.00,50.00,50.00,50.00,50.00,50.00,50.00,50.00,50.00,50.00,50.00,50.00,50.00,50.00,50.00,50.00,50.00,50.00,50.00,50.00,50.00,50.00,50.00,50.00,50.00,50.00,50.00,50.00,50.00,50.00,50.00,50.00,50.00,50.00,50.00,50.00,50.00,50.00,50.00,50.00,50.00,50.00,50.00,50.00,50.00,50.00,50.00,50.00,50.00,50.00,50.00,50.00,50.00,50.00,50.00,50.00,50.00,50.00,50.00,50.00,50.00,50.00,50.00,50.00,50.00,50.00,50.00,50.00,50.00,50.00,50.00,50.00,50.00,50.00,50.00,50.00,50.00,50.00,50.00,50.00,50.00,50.00,50.00,50.00
50.00,50.00,50.00,50.00,50.00,50.00,50.00,50.00,50.00,50.00,50.00,50.00,50.00,50.00,50.00,50.00,50.00,50.00,50.00,50.00,50.00,50.00,50.00,50.00,50.00,50.00,50.00,50.00,50.00,50.00,50.00,50.00,50.00,50.00,50.00,50.00,50.00,50.00,50.00,50.00,50.00,50.00,50.00,50.00,50.00,50.00,50.00,50.00,50.00,50.00,50.00,50.00,50.00,50.00,50.00,50.00,50.00,50.00,50.00,50.00,50.00,50.00,50.00,50.00,50.00,50.00,50.00,50.00,50.00,50.00,50.00,50.00,50.00,50.00,50.00,50.00,50.00,50.00,50.00,50.00,50.00,50.00,50.00,50.00,50.00,50.00,50.00,50.00,50.00,50.00,50.00,50.00,50.00,50.00,50.00,50.00,50.00,50.00,50.00,50.00
50.00,50.00,50.00,50.00,50.00,50.00,50.00,50.00,50.00,50.00,50.00,50.00,50.00,50.00,50.00,50.00,50.00,50.00,50.00,50.00,50.00,50.00,50.00,50.00,50.00,50.00,50.00,50.00,50.00,50.00,50.00,50.00,50.00,50.00,50.00,50.00,50.00,50.00,50.00,50.00,50.00,50.00,50.00,50.00,50.00,50.00,50.00,50.00,50.00,50.00,50.00,50.00,50.00,50.00,50.00,50.00,50.00,50.00,50.00,50.00,50.00,50.00,50.00,50.00,50.00,50.00,50.00,50.00,50.00,50.00,50.00,50.00,50.00,50.00,50.00,50.00,50.00,50.00,50.00,50.00,50.00,50.00,50.00,50.00,50.00,50.00,50.00,50.00,50.00,50.00,50.00,50.00,50.00,50.00,50.00,50.00,50.00,50.00,50.00,50.00
50.00,50.00,50.00,50.00,50.00,50.00,50.00,50.00,50.00,50.00,50.00,50.00,50.00,50.00,50.00,50.00,50.00,50.00,50.00,50.00,50.00,50.00,50.00,50.00,50.00,50.00,50.00,50.00,50.00,50.00,50.00,50.00,50.00,50.00,50.00,50.00,50.00,50.00,50.00,50.00,50.00,50.00,50.00,50.00,50.00,50.00,50.00,50.00,50.00,50.00,50.00,50.00,50.00,50.00,50.00,50.00,50.00,50.00,50.00,50.00,50.00,50.00,50.00,50.00,50.00,50.00,50.00,50.00,50.00,50.00,50.00,50.00,50.00,50.00,50.00,50.00,50.00,50.00,50.00,50.00,50.00,50.00,50.00,50.00,50.00,50.00,50.00,50.00,50.00,50.00,50.00,50.00,50.00,50.00,50.00,50.00,50.00,50.00,50.00,50.00
50.00,50.00,50.00,50.00,50.00,50.00,50.00,50.00,50.00,50.00,50.00,50.00,50.00,50.00,50.00,50.00,50.00,50.00,50.00,50.00,50.00,50.00,50.00,50.00,50.00,50.00,50.00,50.00,50.00,50.00,50.00,50.00,50.00,50.00,50.00,50.00,50.00,50.00,50.00,50.00,50.00,50.00,50.00,50.00,50.00,50.00,50.00,50.00,50.00,50.00,50.00,50.00,50.00,50.00,50.00,50.00,50.00,50.00,50.00,50.00,50.00,50.00,50.00,50.00,50.00,50.00,50.00,50.00,50.00,50.00,50.00,50.00,50.00,50.00,50.00,50.00,50.00,50.00,50.00,50.00,50.00,50.00,50.00,50.00,50.00,50.00,50.00,50.00,50.00,50.00,50.00,50.00,50.00,50.00,50.00,50.00,50.00,50.00,50.00,50.00
50.00,50.00,50.00,50.00,50.00,50.00,50.00,50.00,50.00,50.00,50.00,50.00,50.00,50.00,50.00,50.00,50.00,50.00,50.00,50.00,50.00,50.00,50.00,50.00,50.00,50.00,50.00,50.00,50.00,50.00,50.00,50.00,50.00,50.00,50.00,50.00,50.00,50.00,50.00,50.00,50.00,50.00,50.00,50.00,50.00,50.00,50.00,50.00,50.00,50.00,50.00,50.00,50.00,50.00,50.00,50.00,50.00,50.00,50.00,50.00,50.00,50.00,50.00,50.00,50.00,50.00,50.00,50.00,50.00,50.00,50.00,50.00,50.00,50.00,50.00,50.00,50.00,50.00,50.00,50.00,50.00,50.00,50.00,50.00,50.00,50.00,50.00,50.00,50.00,50.00,50.00,50.00,50.00,50.00,50.00,50.00,50.00,50.00,50.00,50.00
50.00,50.00,50.00,50.00,50.00,50.00,50.00,50.00,50.00,50.00,50.00,50.00,50.00,50.00,50.00,50.00,50.00,50.00,50.00,50.00,50.00,50.00,50.00,50.00,50.00,50.00,50.00,50.00,50.00,50.00,50.00,50.00,50.00,50.00,50.00,50.00,50.00,50.00,50.00,50.00,50.00,50.00,50.00,50.00,50.00,50.00,50.00,50.00,50.00,50.00,50.00,50.00,50.00,50.00,50.00,50.00,50.00,50.00,50.00,50.00,50.00,50.00,50.00,50.00,50.00,50.00,50.00,50.00,50.00,50.00,50.00,50.00,50.00,50.00,50.00,50.00,50.00,50.00,50.00,50.00,50.00,50.00,50.00,50.00,50.00,50.00,50.00,50.00,50.00,50.00,50.00,50.00,50.00,50.00,50.00,50.00,50.00,50.00,50.00,50.00
50.00,50.00,50.00,50.00,50.00,50.00,50.00,50.00,50.00,50.00,50.00,50.00,50.00,50.00,50.00,50.00,50.00,50.00,50.00,50.00,50.00,50.00,50.00,50.00,50.00,50.00,50.00,50.00,50.00,50.00,50.00,50.00,50.00,50.00,50.00,50.00,50.00,50.00,50.00,50.00,50.00,50.00,50.00,50.00,50.00,50.00,50.00,50.00,50.00,50.00,50.00,50.00,50.00,50.00,50.00,50.00,50.00,50.00,50.00,50.00,50.00,50.00,50.00,50.00,50.00,50.00,50.00,50.00,50.00,50.00,50.00,50.00,50.00,50.00,50.00,50.00,50.00,50.00,50.00,50.00,50.00,50.00,50.00,50.00,50.00,50.00,50.00,50.00,50.00,50.00,50.00,50.00,50.00,50.00,50.00,50.00,50.00,50.00,50.00,50.00
50.00,50.00,50.00,50.00,50.00,50.00,50.00,50.00,50.00,50.00,50.00,50.00,50.00,50.00,50.00,50.00,50.00,50.00,50.00,50.00,50.00,50.00,50.00,50.00,50.00,50.00,50.00,50.00,50.00,50.00,50.00,50.00,50.00,50.00,50.00,50.00,50.00,50.00,50.00,50.00,50.00,50.00,50.00,50.00,50.00,50.00,50.00,50.00,50.00,50.00,50.00,50.00,50.00,50.00,50.00,50.00,50.00,50.00,50.00,50.00,50.00,50.00,50.00,50.00,50.00,50.00,50.00,50.00,50.00,50.00,50.00,50.00,50.00,50.00,50.00,50.00,50.00,50.00,50.00,50.00,50.00,50.00,50.00,50.00,50.00,50.00,50.00,50.00,50.00,50.00,50.00,50.00,50.00,50.00,50.00,50.00,50.00,50.00,50.00,50.00
50.00,50.00,50.00,50.00,50.00,50.00,50.00,50.00,50.00,50.00,50.00,50.00,50.00,50.00,50.00,50.00,50.00,50.00,50.00,50.00,50.00,50.00,50.00,50.00,50.00,50.00,50.00,50.00,50.00,50.00,50.00,50.00,50.00,50.00,50.00,50.00,50.00,50.00,50.00,50.00,50.00,50.00,50.00,50.00,50.00,50.00,50.00,50.00,50.00,50.00,50.00,50.00,50.00,50.00,50.00,50.00,50.00,50.00,50.00,50.00,50.00,50.00,50.00,50.00,50.00,50.00,50.00,50.00,50.00,50.00,50.00,50.00,50.00,50.00,50.00,50.00,50.00,50.00,50.00,50.00,50.00,50.00,50.00,50.00,50.00,50.00,50.00,50.00,50.00,50.00,50.00,50.00,50.00,50.00,50.00,50.00,50.00,50.00,50.00,50.00
50.00,50.00,50.00,50.00,50.00,50.00,50.00,50.00,50.00,50.00,50.00,50.00,50.00,50.00,50.00,50.00,50.00,50.00,50.00,50.00,50.00,50.00,50.00,50.00,50.00,50.00,50.00,50.00,50.00,50.00,50.00,50.00,50.00,50.00,50.00,50.00,50.00,50.00,50.00,50.00,50.00,50.00,50.00,50.00,50.00,50.00,50.00,50.00,50.00,50.00,50.00,50.00,50.00,50.00,50.00,50.00,50.00,50.00,50.00,50.00,50.00,50.00,50.00,50.00,50.00,50.00,50.00,50.00,50.00,50.00,50.00,50.00,50.00,50.00,50.00,50.00,50.00,50.00,50.00,50.00,50.00,50.00,50.00,50.00,50.00,50.00,50.00,50.00,50.00,50.00,50.00,50.00,50.00,50.00,50.00,50.00,50.00,50.00,50.00,50.00
50.00,50.00,50.00,50.00,50.00,50.00,50.00,50.00,50.00,50.00,50.00,50.00,50.00,50.00,50.00,50.00,50.00,50.00,50.00,50.00,50.00,50.00,50.00,50.00,50.00,50.00,50.00,50.00,50.00,50.00,50.00,50.00,50.00,50.00,50.00,50.00,50.00,50.00,50.00,50.00,50.00,50.00,50.00,50.00,50.00,50.00,50.00,50.00,50.00,50.00,50.00,50.00,50.00,50.00,50.00,50.00,50.00,50.00,50.00,50.00,50.00,50.00,50.00,50.00,50.00,50.00,50.00,50.00,50.00,50.00,50.00,50.00,50.00,50.00,50.00,50.00,50.00,50.00,50.00,50.00,50.00,50.00,50.00,50.00,50.00,50.00,50.00,50.00,50.00,50.00,50.00,50.00,50.00,50.00,50.00,50.00,50.00,50.00,50.00,50.00
50.00,50.00,50.00,50.00,50.00,50.00,50.00,50.00,50.00,50.00,50.00,50.00,50.00,50.00,50.00,50.00,50.00,50.00,50.00,50.00,50.00,50.00,50.00,50.00,50.00,50.00,50.00,50.00,50.00,50.00,50.00,50.00,50.00,50.00,50.00,50.00,50.00,50.00,50.00,50.00,50.00,50.00,50.00,50.00,50.00,50.00,50.00,50.00,50.00,50.00,50.00,50.00,50.00,50.00,50.00,50.00,50.00,50.00,50.00,50.00,50.00,50.00,50.00,50.00,50.00,50.00,50.00,50.00,50.00,50.00,50.00,50.00,50.00,50.00,50.00,50.00,50.00,50.00,50.00,50.00,50.00,50.00,50.00,50.00,50.00,50.00,50.00,50.00,50.00,50.00,50.00,50.00,50.00,50.00,50.00,50.00,50.00,50.00,50.00,50.00
50.00,50.00,50.00,50.00,50.00,50.00,50.00,50.00,50.00,50.00,50.00,50.00,50.00,50.00,50.00,50.00,50.00,50.00,50.00,50.00,50.00,50.00,50.00,50.00,50.00,50.00,50.00,50.00,50.00,50.00,50.00,50.00,50.00,50.00,50.00,50.00,50.00,50.00,50.00,50.00,50.00,50.00,50.00,50.00,50.00,50.00,50.00,50.00,50.00,50.00,50.00,50.00,50.00,50.00,50.00,50.00,50.00,50.00,50.00,50.00,50.00,50.00,50.00,50.00,50.00,50.00,50.00,50.00,50.00,50.00,50.00,50.00,50.00,50.00,50.00,50.00,50.00,50.00,50.00,50.00,50.00,50.00,50.00,50.00,50.00,50.00,50.00,50.00,50.00,50.00,50.00,50.00,50.00,50.00,50.00,50.00,50.00,50.00,50.00,50.00
50.00,50.00,50.00,50.00,50.00,50.00,50.00,50.00,50.00,50.00,50.00,50.00,50.00,50.00,50.00,50.00,50.00,50.00,50.00,50.00,50.00,50.00,50.00,50.00,50.00,50.00,50.00,50.00,50.00,50.00,50.00,50.00,50.00,50.00,50.00,50.00,50.00,50.00,50.00,50.00,50.00,50.00,50.00,50.00,50.00,50.00,50.00,50.00,50.00,50.00,50.00,50.00,50.00,50.00,50.00,50.00,50.00,50.00,50.00,50.00,50.00,50.00,50.00,50.00,50.00,50.00,50.00,50.00,50.00,50.00,50.00,50.00,50.00,50.00,50.00,50.00,50.00,50.00,50.00,50.00,50.00,50.00,50.00,50.00,50.00,50.00,50.00,50.00,50.00,50.00,50.00,50.00,50.00,50.00,50.00,50.00,50.00,50.00,50.00,50.00
50.00,50.00,50.00,50.00,50.00,50.00,50.00,50.00,50.00,50.00,50.00,50.00,50.00,50.00,50.00,50.00,50.00,50.00,50.00,50.00,50.00,50.00,50.00,50.00,50.00,50.00,50.00,50.00,50.00,50.00,50.00,50.00,50.00,50.00,50.00,50.00,50.00,50.00,50.00,50.00,50.00,50.00,50.00,50.00,50.00,50.00,50.00,50.00,50.00,50.00,50.00,50.00,50.00,50.00,50.00,50.00,50.00,50.00,50.00,50.00,50.00,50.00,50.00,50.00,50.00,50.00,50.00,50.00,50.00,50.00,50.00,50.00,50.00,50.00,50.00,50.00,50.00,50.00,50.00,50.00,50.00,50.00,50.00,50.00,50.00,50.00,50.00,50.00,50.00,50.00,50.00,50.00,50.00,50.00,50.00,50.00,50.00,50.00,50.00,50.00
50.00,50.00,50.00,50.00,50.00,50.00,50.00,50.00,50.00,50.00,50.00,50.00,50.00,50.00,50.00,50.00,50.00,50.00,50.00,50.00,50.00,50.00,50.00,50.00,50.00,50.00,50.00,50.00,50.00,50.00,50.00,50.00,50.00,50.00,50.00,50.00,50.00,50.00,50.00,50.00,50.00,50.00,50.00,50.00,50.00,50.00,50.00,50.00,50.00,50.00,50.00,50.00,50.00,50.00,50.00,50.00,50.00,50.00,50.00,50.00,50.00,50.00,50.00,50.00,50.00,50.00,50.00,50.00,50.00,50.00,50.00,50.00,50.00,50.00,50.00,50.00,50.00,50.00,50.00,50.00,50.00,50.00,50.00,50.00,50.00,50.00,50.00,50.00,50.00,50.00,50.00,50.00,50.00,50.00,50.00,50.00,50.00,50.00,50.00,50.00
50.00,50.00,50.00,50.00,50.00,50.00,50.00,50.00,50.00,50.00,50.00,50.00,50.00,50.00,50.00,50.00,50.00,50.00,50.00,50.00,50.00,50.00,50.00,50.00,50.00,50.00,50.00,50.00,50.00,50.00,50.00,50.00,50.00,50.00,50.00,50.00,50.00,50.00,50.00,50.00,50.00,50.00,50.00,50.00,50.00,50.00,50.00,50.00,50.00,50.00,50.00,50.00,50.00,50.00,50.00,50.00,50.00,50.00,50.00,50.00,50.00,50.00,50.00,50.00,50.00,50.00,50.00,50.00,50.00,50.00,50.00,50.00,50.00,50.00,50.00,50.00,50.00,50.00,50.00,50.00,50.00,50.00,50.00,50.00,50.00,50.00,50.00,50.00,50.00,50.00,50.00,50.00,50.00,50.00,50.00,50.00,50.00,50.00,50.00,50.00
50.00,50.00,50.00,50.00,50.00,50.00,50.00,50.00,50.00,50.00,50.00,50.00,50.00,50.00,50.00,50.00,50.00,50.00,50.00,55.00,55.00,55.00,55.00,55.00,55.00,55.00,55.00,55.00,55.00,55.00,55.00,55.00,55.00,55.00,55.00,55.00,55.00,55.00,55.00,55.00,50.00,50.00,50.00,50.00,50.00,50.00,50.00,50.00,50.00,50.00,50.00,50.00,50.00,50.00,50.00,50.00,50.00,50.00,50.00,50.00,50.00,50.00,50.00,50.00,50.00,50.00,50.00,50.00,50.00,50.00,50.00,50.00,50.00,50.00,50.00,50.00,50.00,50.00,50.00,50.00,50.00,50.00,50.00,50.00,50.00,50.00,50.00,50.00,50.00,50.00,50.00,50.00,50.00,50.00,50.00,50.00,50.00,50.00,50.00,50.00
50.00,50.00,50.00,50.00,50.00,50.00,50.00,50.00,50.00,50.00,50.00,50.00,50.00,50.00,50.00,50.00,50.00,50.00,55.00,90.00,95.00,95.00,95.00,95.00,95.00,95.00,95.00,95.00,95.00,95.00,95.00,95.00,95.00,95.00,95.00,95.00,95.00,95.00,95.00,90.00,55.00,50.00,50.00,50.00,50.00,50.00,50.00,50.00,50.00,50.00,50.00,50.00,50.00,50.00,50.00,50.00,50.00,50.00,50.00,50.00,50.00,50.00,50.00,50.00,50.00,50.00,50.00,50.00,50.00,50.00,50.00,50.00,50.00,50.00,50.00,50.00,50.00,50.00,50.00,50.00,50.00,50.00,50.00,50.00,50.00,50.00,50.00,50.00,50.00,50.00,50.00,50.00,50.00,50.00,50.00,50.00,50.00,50.00,50.00,50.00
50.00,50.00,50.00,50.00,50.00,50.00,50.00,50.00,50.00,50.00,50.00,50.00,50.00,50.00,50.00,50.00,50.00,50.00,55.00,95.00,100.00,100.00,100.00,100.00,100.00,100.00,100.00,100.00,100.00,100.00,100.00,100.00,100.00,100.00,100.00,100.00,100.00,100.00,100.00,95.00,55.00,50.00,50.00,50.00,50.00,50.00,50.00,50.00,50.00,50.00,50.00,50.00,50.00,50.00,50.00,50.00,50.00,50.00,50.00,50.00,50.00,50.00,50.00,50.00,50.00,50.00,50.00,50.00,50.00,50.00,50.00,50.00,50.00,50.00,50.00,50.00,50.00,50.00,50.00,50.00,50.00,50.00,50.00,50.00,50.00,50.00,50.00,50.00,50.00,50.00,50.00,50.00,50.00,50.00,50.00,50.00,50.00,50.00,50.00,50.00
50.00,50.00,50.00,50.00,50.00,50.00,50.00,50.00,50.00,50.00,50.00,50.00,50.00,50.00,50.00,50.00,50.00,50.00,55.00,95.00,100.00,100.00,100.00,100.00,100.00,100.00,100.00,100.00,100.00,100.00,100.00,100.00,100.00,100.00,100.00,100.00,100.00,100.00,100.00,95.00,55.00,50.00,50.00,50.00,50.00,50.00,50.00,50.00,50.00,50.00,50.00,50.00,50.00,50.00,50.00,50.00,50.00,50.00,50.00,50.00,50.00,50.00,50.00,50.00,50.00,50.00,50.00,50.00,50.00,50.00,50.00,50.00,50.00,50.00,50.00,50.00,50.00,50.00,50.00,50.00,50.00,50.00,50.00,50.00,50.00,50.00,50.00,50.00,50.00,50.00,50.00,50.00,50.00,50.00,50.00,50.00,50.00,50.00,50.00,50.00
50.00,50.00,50.00,50.00,50.00,50.00,50.00,50.00,50.00,50.00,50.00,50.00,50.00,50.00,50.00,50.00,50.00,50.00,55.00,95.00,100.00,100.00,100.00,100.00,100.00,100.00,100.00,100.00,100.00,100.00,100.00,100.00,100.00,100.00,100.00,100.00,100.00,100.00,100.00,95.00,55.00,50.00,50.00,50.00,50.00,50.00,50.00,50.00,50.00,50.00,50.00,50.00,50.00,50.00,50.00,50.00,50.00,50.00,50.00,50.00,50.00,50.00,50.00,50.00,50.00,50.00,50.00,50.00,50.00,50.00,50.00,50.00,50.00,50.00,50.00,50.00,50.00,50.00,50.00,50.00,50.00,50.00,50.00,50.00,50.00,50.00,50.00,50.00,50.00,50.00,50.00,50.00,50.00,50.00,50.00,50.00,50.00,50.00,50.00,50.00
50.00,50.00,50.00,50.00,50.00,50.00,50.00,50.00,50.00,50.00,50.00,50.00,50.00,50.00,50.00,50.00,50.00,50.00,55.00,95.00,100.00,100.00,100.00,100.00,100.00,100.00,100.00,100.00,100.00,100.00,100.00,100.00,100.00,100.00,100.00,100.00,100.00,100.00,100.00,95.00,55.00,50.00,50.00,50.00,50.00,50.00,50.00,50.00,50.00,50.00,50.00,50.00,50.00,50.00,50.00,50.00,50.00,50.00,50.00,50.00,50.00,50.00,50.00,50.00,50.00,50.00,50.00,50.00,50.00,50.00,50.00,50.00,50.00,50.00,50.00,50.00,50.00,50.00,50.00,50.00,50.00,50.00,50.00,50.00,50.00,50.00,50.00,50.00,50.00,50.00,50.00,50.00,50.00,50.00,50.00,50.00,50.00,50.00,50.00,50.00
50.00,50.00,50.00,50.00,50.00,50.00,50.00,50.00,50.00,50.00,50.00,50.00,50.00,50.00,50.00,50.00,50.00,50.00,55.00,95.00,100.00,100.00,100.00,100.00,100.00,100.00,100.00,100.00,100.00,100.00,100.00,100.00,100.00,100.00,100.00,100.00,100.00,100.00,100.00,95.00,55.00,50.00,50.00,50.00,50.00,50.00,50.00,50.00,50.00,50.00,50.00,50.00,50.00,50.00,50.00,50.00,50.00,50.00,50.00,50.00,50.00,50.00,50.00,50.00,50.00,50.00,50.00,50.00,50.00,50.00,50.00,50.00,50.00,50.00,50.00,50.00,50.00,50.00,50.00,50.00,50.00,50.00,50.00,50.00,50.00,50.00,50.00,50.00,50.00,50.00,50.00,50.00,50.00,50.00,50.00,50.00,50.00,50.00,50.00,50.00
50.00,50.00,50.00,50.00,50.00,50.00,50.00,50.00,50.00,50.00,50.00,50.00,50.00,50.00,50.00,50.00,50.00,50.00,55.00,95.00,100.00,100.00,100.00,100.00,100.00,100.00,100.00,100.00,100.00,100.00,100.00,100.00,100.00,100.00,100.00,100.00,100.00,100.00,100.00,95.00,55.00,50.00,50.00,50.00,50.00,50.00,50.00,50.00,50.00,50.00,50.00,50.00,50.00,50.00,50.00,50.00,50.00,50.00,50.00,50.00,50.00,50.00,50.00,50.00,50.00,50.00,50.00,50.00,50.00,50.00,50.00,50.00,50.00,50.00,50.00,50.00,50.00,50.00,50.00,50.00,50.00,50.00,50.00,50.00,50.00,50.00,50.00,50.00,50.00,50.00,50.00,50.00,50.00,50.00,50.00,50.00,50.00,50.00,50.00,50.00
50.00,50.00,50.00,50.00,50.00,50.00,50.00,50.00,50.00,50.00,50.00,50.00,50.00,50.00,50.00,50.00,50.00,50.00,55.00,95.00,100.00,100.00,100.00,100.00,100.00,100.00,100.00,100.00,100.00,100.00,100.00,100.00,100.00,100.00,100.00,100.00,100.00,100.00,100.00,95.00,55.00,50.00,50.00,50.00,50.00,50.00,50.00,50.00,50.00,50.00,50.00,50.00,50.00,50.00,50.00,50.00,50.00,50.00,50.00,50.00,50.00,50.00,50.00,50.00,50.00,50.00,50.00,50.00,50.00,50.00,50.00,50.00,50.00,50.00,50.00,50.00,50.00,50.00,50.00,50.00,50.00,50.00,50.00,50.00,50.00,50.00,50.00,50.00,50.00,50.00,50.00,50.00,50.00,50.00,50.00,50.00,50.00,50.00,50.00,50.00
50.00,50.00,50.00,50.00,50.00,50.00,50.00,50.00,50.00,50.00,50.00,50.00,50.00,50.00,50.00,50.00,50.00,50.00,55.00,95.00,100.00,100.00,100.00,100.00,100.00,100.00,100.00,100.00,100.00,100.00,100.00,100.00,100.00,100.00,100.00,100.00,100.00,100.00,100.00,95.00,55.00,50.00,50.00,50.00,50.00,50.00,50.00,50.00,50.00,50.00,50.00,50.00,50.00,50.00,50.00,50.00,50.00,50.00,50.00,50.00,50.00,50.00,50.00,50.00,50.00,50.00,50.00,50.00,50.00,50.00,50.00,50.00,50.00,50.00,50.00,50.00,50.00,50.00,50.00,50.00,50.00,50.00,50.00,50.00,50.00,50.00,50.00,50.00,50.00,50.00,50.00,50.00,50.00,50.00,50.00,50.00,50.00,50.00,50.00,50.00
50.00,50.00,50.00,50.00,50.00,50.00,50.00,50.00,50.00,50.00,50.00,50.00,50.00,50.00,50.00,50.00,50.00,50.00,55.00,95.00,100.00,100.00,100.00,100.00,100.00,100.00,100.00,100.00,100.00,100.00,100.00,100.00,100.00,100.00,100.00,100.00,100.00,100.00,100.00,95.00,55.00,50.00,50.00,50.00,50.00,50.00,50.00,50.00,50.00,50.00,50.00,50.00,50.00,50.00,50.00,50.00,50.00,50.00,50.00,50.00,50.00,50.00,50.00,50.00,50.00,50.00,50.00,50.00,50.00,50.00,50.00,50.00,50.00,50.00,50.00,50.00,50.00,50.00,50.00,50.00,50.00,50.00,50.00,50.00,50.00,50.00,50.00,50.00,50.00,50.00,50.00,50.00,50.00,50.00,50.00,50.00,50.00,50.00,50.00,50.00
50.00,50.00,50.00,50.00,50.00,50.00,50.00,50.00,50.00,50.00,50.00,50.00,50.00,50.00,50.00,50.00,50.00,50.00,55.00,95.00,100.00,100.00,100.00,100.00,100.00,100.00,100.00,100.00,100.00,100.00,100.00,100.00,100.00,100.00,100.00,100.00,100.00,100.00,100.00,95.00,55.00,50.00,50.00,50.00,50.00,50.00,50.00,50.00,50.00,50.00,50.00,50.00,50.00,50.00,50.00,50.00,50.00,50.00,50.00,50.00,50.00,50.00,50.00,50.00,50.00,50.00,50.00,50.00,50.00,50.00,50.00,50.00,50.00,50.00,50.00,50.00,50.00,50.00,50.00,50.00,50.00,50.00,50.00,50.00,50.00,50.00,50.00,50.00,50.00,50.00,50.00,50.00,50.00,50.00,50.00,50.00,50.00,50.00,50.00,50.00
50.00,50.00,50.00,50.00,50.00,50.00,50.00,50.00,50.00,50.00,50.00,50.00,50.00,50.00,50.00,50.00,50.00,50.00,55.00,95.00,100.00,100.00,100.00,100.00,100.00,100.00,100.00,100.00,100.00,100.00,100.00,100.00,100.00,100.00,100.00,100.00,100.00,100.00,100.00,95.00,55.00,50.00,50.00,50.00,50.00,50.00,50.00,50.00,50.00,50.00,50.00,50.00,50.00,50.00,50.00,50.00,50.00,50.00,50.00,50.00,50.00,50.00,50.00,50.00,50.00,50.00,50.00,50.00,50.00,50.00,50.00,50.00,50.00,50.00,50.00,50.00,50.00,50.00,50.00,50.00,50.00,50.00,50.00,50.00,50.00,50.00,50.00,50.00,50.00,50.00,50.00,50.00,50.00,50.00,50.00,50.00,50.00,50.00,50.00,50.00
50.00,50.00,50.00,50.00,50.00,50.00,50.00,50.00,50.00,50.00,50.00,50.00,50.00,50.00,50.00,50.00,50.00,50.00,55.00,95.00,100.00,100.00,100.00,100.00,100.00,100.00,100.00,100.00,100.00,100.00,100.00,100.00,100.00,100.00,100.00,100.00,100.00,100.00,100.00,95.00,55.00,50.00,50.00,50.00,50.00,50.00,50.00,50.00,50.00,50.00,50.00,50.00,50.00,50.00,50.00,50.00,50.00,50.00,50.00,50.00,50.00,50.00,50.00,50.00,50.00,50.00,50.00,50.00,50.00,50.00,50.00,50.00,50.00,50.00,50.00,50.00,50.00,50.00,50.00,50.00,50.00,50.00,50.00,50.00,50.00,50.00,50.00,50.00,50.00,50.00,50.00,50.00,50.00,50.00,50.00,50.00,50.00,50.00,50.00,50.00
50.00,50.00,50.00,50.00,50.00,50.00,50.00,50.00,50.00,50.00,50.00,50.00,50.00,50.00,50.00,50.00,50.00,50.00,55.00,95.00,100.00,100.00,100.00,100.00,100.00,100.00,100.00,100.00,100.00,100.00,100.00,100.00,100.00,100.00,100.00,100.00,100.00,100.00,100.00,95.00,55.00,50.00,50.00,50.00,50.00,50.00,50.00,50.00,50.00,50.00,50.00,50.00,50.00,50.00,50.00,50.00,50.00,50.00,50.00,50.00,50.00,50.00,50.00,50.00,50.00,50.00,50.00,50.00,50.00,50.00,50.00,50.00,50.00,50.00,50.00,50.00,50.00,50.00,50.00,50.00,50.00,50.00,50.00,50.00,50.00,50.00,50.00,50.00,50.00,50.00,50.00,50.00,50.00,50.00,50.00,50.00,50.00,50.00,50.00,50.00
50.00,50.00,50.00,50.00,50.00,50.00,50.00,50.00,50.00,50.00,50.00,50.00,50.00,50.00,50.00,50.00,50.00,50.00,55.00,95.00,100.00,100.00,100.00,100.00,100.00,100.00,100.00,100.00,100.00,100.00,100.00,100.00,100.00,100.00,100.00,100.00,100.00,100.00,100.00,95.00,55.00,50.00,50.00,50.00,50.00,50.00,50.00,50.00,50.00,50.00,50.00,50.00,50.00,50.00,50.00,50.00,50.00,50.00,50.00,50.00,50.00,50.00,50.00,50.00,50.00,50.00,50.00,50.00,50.00,50.00,50.00,50.00,50.00,50.00,50.00,50.00,50.00,50.00,50.00,50.00,50.00,50.00,50.00,50.00,50.00,50.00,50.00,50.00,50.00,50.00,50.00,50.00,50.00,50.00,50.00,50.00,50.00,50.00,50.00,50.00
50.00,50.00,50.00,50.00,50.00,50.00,50.00,50.00,50.00,50.00,50.00,50.00,50.00,50.00,50.00,50.00,50.00,50.00,55.00,95.00,100.00,100.00,100.00,100.00,100.00,100.00,100.00,100.00,100.00,100.00,100.00,100.00,100.00,100.00,100.00,100.00,100.00,100.00,100.00,95.00,55.00,50.00,50.00,50.00,50.00,50.00,50.00,50.00,50.00,50.00,50.00,50.00,50.00,50.00,50.00,50.00,50.00,50.00,50.00,50.00,50.00,50.00,50.00,50.00,50.00,50.00,50.00,50.00,50.00,50.00,50.00,50.00,50.00,50.00,50.00,50.00,50.00,50.00,50.00,50.00,50.00,50.00,50.00,50.00,50.00,50.00,50.00,50.00,50.00,50.00,50.00,50.00,50.00,50.00,50.00,50.00,50.00,50.00,50.00,50.00
50.00,50.00,50.00,50.00,50.00,50.00,50.00,50.00,50.00,50.00,50.00,50.00,50.00,50.00,50.00,50.00,50.00,50.00,55.00,95.00,100.00,100.00,100.00,100.00,100.00,100.00,100.00,100.00,100.00,100.00,100.00,100.00,100.00,100.00,100.00,100.00,100.00,100.00,100.00,95.00,55.00,50.00,50.00,50.00,50.00,50.00,50.00,50.00,50.00,50.00,50.00,50.00,50.00,50.00,50.00,50.00,50.00,50.00,50.00,50.00,50.00,50.00,50.00,50.00,50.00,50.00,50.00,50.00,50.00,50.00,50.00,50.00,50.00,50.00,50.00,50.00,50.00,50.00,50.00,50.00,50.00,50.00,50.00,50.00,50.00,50.00,50.00,50.00,50.00,50.00,50.00,50.00,50.00,50.00,50.00,50.00,50.00,50.00,50.00,50.00
50.00,50.00,50.00,50.00,50.00,50.00,50.00,50.00,50.00,50.00,50.00,50.00,50.00,50.00,50.00,50.00,50.00,50.00,55.00,95.00,100.00,100.00,100.00,100.00,100.00,100.00,100.00,100.00,100.00,100.00,100.00,100.00,100.00,100.00,100.00,100.00,100.00,100.00,100.00,95.00,55.00,50.00,50.00,50.00,50.00,50.00,50.00,50.00,50.00,50.00,50.00,50.00,50.00,50.00,50.00,50.00,50.00,50.00,50.00,50.00,50.00,50.00,50.00,50.00,50.00,50.00,50.00,50.00,50.00,50.00,50.00,50.00,50.00,50.00,50.00,50.00,50.00,50.00,50.00,50.00,50.00,50.00,50.00,50.00,50.00,50.00,50.00,50.00,50.00,50.00,50.00,50.00,50.00,50.00,50.00,50.00,50.00,50.00,50.00,50.00
50.00,50.00,50.00,50.00,50.00,50.00,50.00,50.00,50.00,50.00,50.00,50.00,50.00,50.00,50.00,50.00,50.00,50.00,55.00,95.00,100.00,100.00,100.00,100.00,100.00,100.00,100.00,100.00,100.00,100.00,100.00,100.00,100.00,100.00,100.00,100.00,100.00,100.00,100.00,95.00,55.00,50.00,50.00,50.00,50.00,50.00,50.00,50.00,50.00,50.00,50.00,50.00,50.00,50.00,50.00,50.00,50.00,50.00,50.00,50.00,50.00,50.00,50.00,50.00,50.00,50.00,50.00,50.00,50.00,50.00,50.00,50.00,50.00,50.00,50.00,50.00,50.00,50.00,50.00,50.00,50.00,50.00,50.00,50.00,50.00,50.00,50.00,50.00,50.00,50.00,50.00,50.00,50.00,50.00,50.00,50.00,50.00,50.00,50.00,50.00
50.00,50.00,50.00,50.00,50.00,50.00,50.00,50.00,50.00,50.00,50.00,50.00,50.00,50.00,50.00,50.00,50.00,50.00,55.00,95.00,100.00,100.00,100.00,100.00,100.00,100.00,100.00,100.00,100.00,100.00,100.00,100.00,100.00,100.00,100.00,100.00,100.00,100.00,100.00,95.00,55.00,50.00,50.00,50.00,50.00,50.00,50.00,50.00,50.00,50.00,50.00,50.00,50.00,50.00,50.00,50.00,50.00,50.00,50.00,50.00,50.00,50.00,50.00,50.00,50.00,50.00,50.00,50.00,50.00,50.00,50.00,50.00,50.00,50.00,50.00,50.00,50.00,50.00,50.00,50.00,50.00,50.00,50.00,50.00,50.00,50.00,50.00,50.00,50.00,50.00,50.00,50.00,50.00,50.00,50.00,50.00,50.00,50.00,50.00,50.00
50.00,50.00,50.00,50.00,50.00,50.00,50.00,50.00,50.00,50.00,50.00,50.00,50.00,50.00,50.00,50.00,50.00,50.00,55.00,90.00,95.00,95.00,95.00,95.00,95.00,95.00,95.00,95.00,95.00,95.00,95.00,95.00,95.00,95.00,95.00,95.00,95.00,95.00,95.00,90.00,55.00,50.00,50.00,50.00,50.00,50.00,50.00,50.00,50.00,50.00,50.00,50.00,50.00,50.00,50.00,50.00,50.00,50.00,50.00,50.00,50.00,50.00,50.00,50.00,50.00,50.00,50.00,50.00,50.00,50.00,50.00,50.00,50.00,50.00,50.00,50.00,50.00,50.00,50.00,50.00,50.00,50.00,50.00,50.00,50.00,50.00,50.00,50.00,50.00,50.00,50.00,50.00,50.00,50.00,50.00,50.00,50.00,50.00,50.00,50.00
50.00,50.00,50.00,50.00,50.00,50.00,50.00,50.00,50.00,50.00,50.00,50.00,50.00,50.00,50.00,50.00,50.00,50.00,50.00,55.00,55.00,55.00,55.00,55.00,55.00,55.00,55.00,55.00,55.00,55.00,55.00,55.00,55.00,55.00,55.00,55.00,55.00,55.00,55.00,55.00,50.00,50.00,50.00,50.00,50.00,50.00,50.00,50.00,50.00,50.00,50.00,50.00,50.00,50.00,50.00,50.00,50.00,50.00,50.00,50.00,50.00,50.00,50.00,50.00,50.00,50.00,50.00,50.00,50.00,50.00,50.00,50.00,50.00,50.00,50.00,50.00,50.00,50.00,50.00,50.00,50.00,50.00,50.00,50.00,50.00,50.00,50.00,50.00,50.00,50.00,50.00,50.00,50.00,50.00,50.00,50.00,50.00,50.00,50.00,50.00
50.00,50.00,50.00,50.00,50.00,50.00,50.00,50.00,50.00,50.00,50.00,50.00,50.00,50.00,50.00,50.00,50.00,50.00,50.00,50.00,50.00,50.00,50.00,50.00,50.00,50.00,50.00,50.00,50.00,50.00,50.00,50.00,50.00,50.00,50.00,50.00,50.00,50.00,50.00,50.00,50.00,50.00,50.00,50.00,50.00,50.00,50.00,50.00,50.00,50.00,50.00,50.00,50.00,50.00,50.00,50.00,50.00,50.00,50.00,50.00,50.00,50.00,50.00,50.00,50.00,50.00,50.00,50.00,50.00,50.00,50.00,50.00,50.00,50.00,50.00,50.00,50.00,50.00,50.00,50.00,50.00,50.00,50.00,50.00,50.00,50.00,50.00,50.00,50.00,50.00,50.00,50.00,50.00,50.00,50.00,50.00,50.00,50.00,50.00,50.00
50.00,50.00,50.00,50.00,50.00,50.00,50.00,50.00,50.00,50.00,50.00,50.00,50.00,50.00,50.00,50.00,50.00,50.00,50.00,50.00,50.00,50.00,50.00,50.00,50.00,50.00,50.00,50.00,50.00,50.00,50.00,50.00,50.00,50.00,50.00,50.00,50.00,50.00,50.00,50.00,50.00,50.00,50.00,50.00,50.00,50.00,50.00,50.00,50.00,50.00,50.00,50.00,50.00,50.00,50.00,50.00,50.00,50.00,50.00,50.00,50.00,50.00,50.00,50.00,50.00,50.00,50.00,50.00,50.00,50.00,50.00,50.00,50.00,50.00,50.00,50.00,50.00,50.00,50.00,50.00,50.00,50.00,50.00,50.00,50.00,50.00,50.00,50.00,50.00,50.00,50.00,50.00,50.00,50.00,50.00,50.00,50.00,50.00,50.00,50.00
50.00,50.00,50.00,50.00,50.00,50.00,50.00,50.00,50.00,50.00,50.00,50.00,50.00,50.00,50.00,50.00,50.00,50.00,50.00,50.00,50.00,50.00,50.00,50.00,50.00,50.00,50.00,50.00,50.00,50.00,50.00,50.00,50.00,50.00,50.00,50.00,50.00,50.00,50.00,50.00,50.00,50.00,50.00,50.00,50.00,50.00,50.00,50.00,50.00,50.00,50.00,50.00,50.00,50.00,50.00,50.00,50.00,50.00,50.00,50.00,50.00,50.00,50.00,50.00,50.00,50.00,50.00,50.00,50.00,50.00,50.00,50.00,50.00,50.00,50.00,50.00,50.00,50.00,50.00,50.00,50.00,50.00,50.00,50.00,50.00,50.00,50.00,50.00,50.00,50.00,50.00,50.00,50.00,50.00,50.00,50.00,50.00,50.00,50.00,50.00
50.00,50.00,50.00,50.00,50.00,50.00,50.00,50.00,50.00,50.00,50.00,50.00,50.00,50.00,50.00,50.00,50.00,50.00,50.00,50.00,50.00,50.00,50.00,50.00,50.00,50.00,50.00,50.00,50.00,50.00,50.00,50.00,50.00,50.00,50.00,50.00,50.00,50.00,50.00,50.00,50.00,50.00,50.00,50.00,50.00,50.00,50.00,50.00,50.00,50.00,50.00,50.00,50.00,50.00,50.00,50.00,50.00,50.00,50.00,50.00,50.00,50.00,50.00,50.00,50.00,50.00,50.00,50.00,50.00,50.00,50.00,50.00,50.00,50.00,50.00,50.00,50.00,50.00,50.00,50.00,50.00,50.00,50.00,50.00,50.00,50.00,50.00,50.00,50.00,50.00,50.00,50.00,50.00,50.00,50.00,50.00,50.00,50.00,50.00,50.00
50.00,50.00,50.00,50.00,50.00,50.00,50.00,50.00,50.00,50.00,50.00,50.00,50.00,50.00,50.00,50.00,50.00,50.00,50.00,50.00,50.00,50.00,50.00,50.00,50.00,50.00,50.00,50.00,50.00,50.00,50.00,50.00,50.00,50.00,50.00,50.00,50.00,50.00,50.00,50.00,50.00,50.00,50.00,50.00,50.00,50.00,50.00,50.00,50.00,50.00,50.00,50.00,50.00,50.00,50.00,50.00,50.00,50.00,50.00,50.00,50.00,50.00,50.00,50.00,50.00,50.00,50.00,50.00,50.00,50.00,50.00,50.00,50.00,50.00,50.00,50.00,50.00,50.00,50.00,50.00,50.00,50.00,50.00,50.00,50.00,50.00,50.00,50.00,50.00,50.00,50.00,50.00,50.00,50.00,50.00,50.00,50.00,50.00,50.00,50.00
50.00,50.00,50.00,50.00,50.00,50.00,50.00,50.00,50.00,50.00,50.00,50.00,50.00,50.00,50.00,50.00,50.00,50.00,50.00,50.00,50.00,50.00,50.00,50.00,50.00,50.00,50.00,50.00,50.00,50.00,50.00,50.00,50.00,50.00,50.00,50.00,50.00,50.00,50.00,50.00,50.00,50.00,50.00,50.00,50.00,50.00,50.00,50.00,50.00,50.00,50.00,50.00,50.00,50.00,50.00,50.00,50.00,50.00,50.00,50.00,50.00,50.00,50.00,50.00,50.00,50.00,50.00,50.00,50.00,50.00,50.00,50.00,50.00,50.00,50.00,50.00,50.00,50.00,50.00,50.00,50.00,50.00,50.00,50.00,50.00,50.00,50.00,50.00,50.00,50.00,50.00,50.00,50.00,50.00,50.00,50.00,50.00,50.00,50.00,50.00
50.00,50.00,50.00,50.00,50.00,50.00,50.00,50.00,50.00,50.00,50.00,50.00,50.00,50.00,50.00,50.00,50.00,50.00,50.00,50.00,50.00,50.00,50.00,50.00,50.00,50.00,50.00,50.00,50.00,50.00,50.00,50.00,50.00,50.00,50.00,50.00,50.00,50.00,50.00,50.00,50.00,50.00,50.00,50.00,50.00,50.00,50.00,50.00,50.00,50.00,50.00,50.00,50.00,50.00,50.00,50.00,50.00,50.00,50.00,50.00,50.00,50.00,50.00,50.00,50.00,50.00,50.00,50.00,50.00,50.00,50.00,50.00,50.00,50.00,50.00,50.00,50.00,50.00,50.00,50.00,50.00,50.00,50.00,50.00,50.00,50.00,50.00,50.00,50.00,50.00,50.00,50.00,50.00,50.00,50.00,50.00,50.00,50.00,50.00,50.00
50.00,50.00,50.00,50.00,50.00,50.00,50.00,50.00,50.00,50.00,50.00,50.00,50.00,50.00,50.00,50.00,50.00,50.00,50.00,50.00,50.00,50.00,50.00,50.00,50.00,50.00,50.00,50.00,50.00,50.00,50.00,50.00,50.00,50.00,50.00,50.00,50.00,50.00,50.00,50.00,50.00,50.00,50.00,50.00,50.00,50.00,50.00,50.00,50.00,50.00,50.00,50.00,50.00,50.00,50.00,50.00,50.00,50.00,50.00,50.00,50.00,50.00,50.00,50.00,50.00,50.00,50.00,50.00,50.00,50.00,50.00,50.00,50.00,50.00,50.00,50.00,50.00,50.00,50.00,50.00,50.00,50.00,50.00,50.00,50.00,50.00,50.00,50.00,50.00,50.00,50.00,50.00,50.00,50.00,50.00,50.00,50.00,50.00,50.00,50.00
50.00,50.00,50.00,50.00,50.00,50.00,50.00,50.00,50.00,50.00,50.00,50.00,50.00,50.00,50.00,50.00,50.00,50.00,50.00,50.00,50.00,50.00,50.00,50.00,50.00,50.00,50.00,50.00,50.00,50.00,50.00,50.00,50.00,50.00,50.00,50.00,50.00,50.00,50.00,50.00,50.00,50.00,50.00,50.00,50.00,50.00,50.00,50.00,50.00,50.00,50.00,50.00,50.00,50.00,50.00,50.00,50.00,50.00,50.00,50.00,50.00,50.00,50.00,50.00,50.00,50.00,50.00,50.00,50.00,50.00,50.00,50.00,50.00,50.00,50.00,50.00,50.00,50.00,50.00,50.00,50.00,50.00,50.00,50.00,50.00,50.00,50.00,50.00,50.00,50.00,50.00,50.00,50.00,50.00,50.00,50.00,50.00,50.00,50.00,50.00
50.00,50.00,50.00,50.00,50.00,50.00,50.00,50.00,50.00,50.00,50.00,50.00,50.00,50.00,50.00,50.00,50.00,50.00,50.00,50.00,50.00,50.00,50.00,50.00,50.00,50.00,50.00,50.00,50.00,50.00,50.00,50.00,50.00,50.00,50.00,50.00,50.00,50.00,50.00,50.00,50.00,50.00,50.00,50.00,50.00,50.00,50.00,50.00,50.00,50.00,50.00,50.00,50.00,50.00,50.00,50.00,50.00,50.00,50.00,50.00,50.00,50.00,50.00,50.00,50.00,50.00,50.00,50.00,50.00,50.00,50.00,50.00,50.00,50.00,50.00,50.00,50.00,50.00,50.00,50.00,50.00,50.00,50.00,50.00,50.00,50.00,50.00,50.00,50.00,50.00,50.00,50.00,50.00,50.00,50.00,50.00,50.00,50.00,50.00,50.00
50.00,50.00,50.00,50.00,50.00,50.00,50.00,50.00,50.00,50.00,50.00,50.00,50.00,50.00,50.00,50.00,50.00,50.00,50.00,50.00,50.00,50.00,50.00,50.00,50.00,50.00,50.00,50.00,50.00,50.00,50.00,50.00,50.00,50.00,50.00,50.00,50.00,50.00,50.00,50.00,50.00,50.00,50.00,50.00,50.00,50.00,50.00,50.00,50.00,50.00,50.00,50.00,50.00,50.00,50.00,50.00,50.00,50.00,50.00,50.00,50.00,50.00,50.00,50.00,50.00,50.00,50.00,50.00,50.00,50.00,50.00,50.00,50.00,50.00,50.00,50.00,50.00,50.00,50.00,50.00,50.00,50.00,50.00,50.00,50.00,50.00,50.00,50.00,50.00,50.00,50.00,50.00,50.00,50.00,50.00,50.00,50.00,50.00,50.00,50.00
50.00,50.00,50.00,50.00,50.00,50.00,50.00,50.00,50.00,50.00,50.00,50.00,50.00,50.00,50.00,50.00,50.00,50.00,50.00,50.00,50.00,50.00,50.00,50.00,50.00,50.00,50.00,50.00,50.00,50.00,50.00,50.00,50.00,50.00,50.00,50.00,50.00,50.00,50.00,50.00,50.00,50.00,50.00,50.00,50.00,50.00,50.00,50.00,50.00,50.00,50.00,50.00,50.00,50.00,50.00,50.00,50.00,50.00,50.00,50.00,50.00,50.00,50.00,50.00,50.00,50.00,50.00,50.00,50.00,50.00,50.00,50.00,50.00,50.00,50.00,50.00,50.00,50.00,50.00,50.00,50.00,50.00,50.00,50.00,50.00,50.00,50.00,50.00,50.00,50.00,50.00,50.00,50.00,50.00,50.00,50.00,50.00,50.00,50.00,50.00
50.00,50.00,50.00,50.00,50.00,50.00,50.00,50.00,50.00,50.00,50.00,50.00,50.00,50.00,50.00,50.00,50.00,50.00,50.00,50.00,50.00,50.00,50.00,50.00,50.00,50.00,50.00,50.00,50.00,50.00,50.00,50.00,50.00,50.00,50.00,50.00,50.00,50.00,50.00,50.00,50.00,50.00,50.00,50.00,50.00,50.00,50.00,50.00,50.00,50.00,50.00,50.00,50.00,50.00,50.00,50.00,50.00,50.00,50.00,50.00,50.00,50.00,50.00,50.00,50.00,50.00,50.00,50.00,50.00,50.00,50.00,50.00,50.00,50.00,50.00,50.00,50.00,50.00,50.00,50.00,50.00,50.00,50.00,50.00,50.00,50.00,50.00,50.00,50.00,50.00,50.00,50.00,50.00,50.00,50.00,50.00,50.00,50.00,50.00,50.00
50.00,50.00,50.00,50.00,50.00,50.00,50.00,50.00,50.00,50.00,50.00,50.00,50.00,50.00,50.00,50.00,50.00,50.00,50.00,50.00,50.00,50.00,50.00,50.00,50.00,50.00,50.00,50.00,50.00,50.00,50.00,50.00,50.00,50.00,50.00,50.00,50.00,50.00,50.00,50.00,50.00,50.00,50.00,50.00,50.00,50.00,50.00,50.00,50.00,50.00,50.00,50.00,50.00,50.00,50.00,50.00,50.00,50.00,50.00,50.00,50.00,50.00,50.00,50.00,50.00,50.00,50.00,50.00,50.00,50.00,50.00,50.00,50.00,50.00,50.00,50.00,50.00,50.00,50.00,50.00,50.00,50.00,50.00,50.00,50.00,50.00,50.00,50.00,50.00,50.00,50.00,50.00,50.00,50.00,50.00,50.00,50.00,50.00,50.00,50.00
50.00,50.00,50.00,50.00,50.00,50.00,50.00,50.00,50.00,50.00,50.00,50.00,50.00,50.00,50.00,50.00,50.00,50.00,50.00,50.00,50.00,50.00,50.00,50.00,50.00,50.00,50.00,50.00,50.00,50.00,50.00,50.00,50.00,50.00,50.00,50.00,50.00,50.00,50.00,50.00,50.00,50.00,50.00,50.00,50.00,50.00,50.00,50.00,50.00,50.00,50.00,50.00,50.00,50.00,50.00,50.00,50.00,50.00,50.00,50.00,50.00,50.00,50.00,50.00,50.00,50.00,50.00,50.00,50.00,50.00,50.00,50.00,50.00,50.00,50.00,50.00,50.00,50.00,50.00,50.00,50.00,50.00,50.00,50.00,50.00,50.00,50.00,50.00,50.00,50.00,50.00,50.00,50.00,50.00,50.00,50.00,50.00,50.00,50.00,50.00
50.00,50.00,50.00,50.00,50.00,50.00,50.00,50.00,50.00,50.00,50.00,50.00,50.00,50.00,50.00,50.00,50.00,50.00,50.00,50.00,50.00,50.00,50.00,50.00,50.00,50.00,50.00,50.00,50.00,50.00,50.00,50.00,50.00,50.00,50.00,50.00,50.00,50.00,50.00,50.00,50.00,50.00,50.00,50.00,50.00,50.00,50.00,50.00,50.00,50.00,50.00,50.00,50.00,50.00,50.00,50.00,50.00,50.00,50.00,50.00,50.00,50.00,50.00,50.00,50.00,50.00,50.00,50.00,50.00,50.00,50.00,50.00,50.00,50.00,50.00,50.00,50.00,50.00,50.00,50.00,50.00,50.00,50.00,50.00,50.00,50.00,50.00,50.00,50.00,50.00,50.00,50.00,50.00,50.00,50.00,50.00,50.00,50.00,50.00,50.00
50.00,50.00,50.00,50.00,50.00,50.00,50.00,50.00,50.00,50.00,50.00,50.00,50.00,50.00,50.00,50.00,50.00,50.00,50.00,50.00,50.00,50.00,50.00,50.00,50.00,50.00,50.00,50.00,50.00,50.00,50.00,50.00,50.00,50.00,50.00,50.00,50.00,50.00,50.00,50.00,50.00,50.00,50.00,50.00,50.00,50.00,50.00,50.00,50.00,50.00,50.00,50.00,50.00,50.00,50.00,50.00,50.00,50.00,50.00,50.00,50.00,50.00,50.00,50.00,50.00,50.00,50.00,50.00,50.00,50.00,50.00,50.00,50.00,50.00,50.00,50.00,50.00,50.00,50.00,50.00,50.00,50.00,50.00,50.00,50.00,50.00,50.00,50.00,50.00,50.00,50.00,50.00,50.00,50.00,50.00,50.00,50.00,50.00,50.00,50.00
50.00,50.00,50.00,50.00,50.00,50.00,50.00,50.00,50.00,50.00,50.00,50.00,50.00,50.00,50.00,50.00,50.00,50.00,50.00,50.00,50.00,50.00,50.00,50.00,50.00,50.00,50.00,50.00,50.00,50.00,50.00,50.00,50.00,50.00,50.00,50.00,50.00,50.00,50.00,50.00,50.00,50.00,50.00,50.00,50.00,50.00,50.00,50.00,50.00,50.00,50.00,50.00,50.00,50.00,50.00,50.00,50.00,50.00,50.00,50.00,50.00,50.00,50.00,50.00,50.00,50.00,50.00,50.00,50.00,50.00,50.00,50.00,50.00,50.00,50.00,50.00,50.00,50.00,50.00,50.00,50.00,50.00,50.00,50.00,50.00,50.00,50.00,50.00,50.00,50.00,50.00,50.00,50.00,50.00,50.00,50.00,50.00,50.00,50.00,50.00
50.00,50.00,50.00,50.00,50.00,50.00,50.00,50.00,50.00,50.00,50.00,50.00,50.00,50.00,50.00,50.00,50.00,50.00,50.00,50.00,50.00,50.00,50.00,50.00,50.00,50.00,50.00,50.00,50.00,50.00,50.00,50.00,50.00,50.00,50.00,50.00,50.00,50.00,50.00,50.00,50.00,50.00,50.00,50.00,50.00,50.00,50.00,50.00,50.00,50.00,50.00,50.00,50.00,50.00,50.00,50.00,50.00,50.00,50.00,50.00,50.00,50.00,50.00,50.00,50.00,50.00,50.00,50.00,50.00,50.00,50.00,50.00,50.00,50.00,50.00,50.00,50.00,50.00,50.00,50.00,50.00,50.00,50.00,50.00,50.00,50.00,50.00,50.00,50.00,50.00,50.00,50.00,50.00,50.00,50.00,50.00,50.00,50.00,50.00,50.00
50.00,50.00,50.00,50.00,50.00,50.00,50.00,50.00,50.00,50.00,50.00,50.00,50.00,50.00,50.00,50.00,50.00,50.00,50.00,50.00,50.00,50.00,50.00,50.00,50.00,50.00,50.00,50.00,50.00,50.00,50.00,50.00,50.00,50.00,50.00,50.00,50.00,50.00,50.00,50.00,50.00,50.00,50.00,50.00,50.00,50.00,50.00,50.00,50.00,50.00,50.00,50.00,50.00,50.00,50.00,50.00,50.00,50.00,50.00,50.00,50.00,50.00,50.00,50.00,50.00,50.00,50.00,50.00,50.00,50.00,50.00,50.00,50.00,50.00,50.00,50.00,50.00,50.00,50.00,50.00,50.00,50.00,50.00,50.00,50.00,50.00,50.00,50.00,50.00,50.00,50.00,50.00,50.00,50.00,50.00,50.00,50.00,50.00,50.00,50.00
50.00,50.00,50.00,50.00,50.00,50.00,50.00,50.00,50.00,50.00,50.00,50.00,50.00,50.00,50.00,50.00,50.00,50.00,50.00,50.00,50.00,50.00,50.00,50.00,50.00,50.00,50.00,50.00,50.00,50.00,50.00,50.00,50.00,50.00,50.00,50.00,50.00,50.00,50.00,50.00,50.00,50.00,50.00,50.00,50.00,50.00,50.00,50.00,50.00,50.00,50.00,50.00,50.00,50.00,50.00,50.00,50.00,50.00,50.00,50.00,50.00,50.00,50.00,50.00,50.00,50.00,50.00,50.00,50.00,50.00,50.00,50.00,50.00,50.00,50.00,50.00,50.00,50.00,50.00,50.00,50.00,50.00,50.00,50.00,50.00,50.00,50.00,50.00,50.00,50.00,50.00,50.00,50.00,50.00,50.00,50.00,50.00,50.00,50.00,50.00
50.00,50.00,50.00,50.00,50.00,50.00,50.00,50.00,50.00,50.00,50.00,50.00,50.00,50.00,50.00,50.00,50.00,50.00,50.00,50.00,50.00,50.00,50.00,50.00,50.00,50.00,50.00,50.00,50.00,50.00,50.00,50.00,50.00,50.00,50.00,50.00,50.00,50.00,50.00,50.00,50.00,50.00,50.00,50.00,50.00,50.00,50.00,50.00,50.00,50.00,50.00,50.00,50.00,50.00,50.00,50.00,50.00,50.00,50.00,50.00,50.00,50.00,50.00,50.00,50.00,50.00,50.00,50.00,50.00,50.00,50.00,50.00,50.00,50.00,50.00,50.00,50.00,50.00,50.00,50.00,50.00,50.00,50.00,50.00,50.00,50.00,50.00,50.00,50.00,50.00,50.00,50.00,50.00,50.00,50.00,50.00,50.00,50.00,50.00,50.00
50.00,50.00,50.00,50.00,50.00,50.00,50.00,50.00,50.00,50.00,50.00,50.00,50.00,50.00,50.00,50.00,50.00,50.00,50.00,50.00,50.00,50.00,50.00,50.00,50.00,50.00,50.00,50.00,50.00,50.00,50.00,50.00,50.00,50.00,50.00,50.00,50.00,50.00,50.00,50.00,50.00,50.00,50.00,50.00,50.00,50.00,50.00,50.00,50.00,50.00,50.00,50.00,50.00,50.00,50.00,50.00,50.00,50.00,50.00,50.00,50.00,50.00,50.00,50.00,50.00,50.00,50.00,50.00,50.00,50.00,50.00,50.00,50.00,50.00,50.00,50.00,50.00,50.00,50.00,50.00,50.00,50.00,50.00,50.00,50.00,50.00,50.00,50.00,50.00,50.00,50.00,50.00,50.00,50.00,50.00,50.00,50.00,50.00,50.00,50.00
50.00,50.00,50.00,50.00,50.00,50.00,50.00,50.00,50.00,50.00,50.00,50.00,50.00,50.00,50.00,50.00,50.00,50.00,50.00,50.00,50.00,50.00,50.00,50.00,50.00,50.00,50.00,50.00,50.00,50.00,50.00,50.00,50.00,50.00,50.00,50.00,50.00,50.00,50.00,50.00,50.00,50.00,50.00,50.00,50.00,50.00,50.00,50.00,50.00,50.00,50.00,50.00,50.00,50.00,50.00,50.00,50.00,50.00,50.00,50.00,50.00,50.00,50.00,50.00,50.00,50.00,50.00,50.00,50.00,50.00,50.00,50.00,50.00,50.00,50.00,50.00,50.00,50.00,50.00,50.00,50.00,50.00,50.00,50.00,50.00,50.00,50.00,50.00,50.00,50.00,50.00,50.00,50.00,50.00,50.00,50.00,50.00,50.00,50.00,50.00
50.00,50.00,50.00,50.00,50.00,50.00,50.00,50.00,50.00,50.00,50.00,50.00,50.00,50.00,50.00,50.00,50.00,50.00,50.00,50.00,50.00,50.00,50.00,50.00,50.00,50.00,50.00,50.00,50.00,50.00,50.00,50.00,50.00,50.00,50.00,50.00,50.00,50.00,50.00,50.00,50.00,50.00,50.00,50.00,50.00,50.00,50.00,50.00,50.00,50.00,50.00,50.00,50.00,50.00,50.00,50.00,50.00,50.00,50.00,50.00,50.00,50.00,50.00,50.00,50.00,50.00,50.00,50.00,50.00,50.00,50.00,50.00,50.00,50.00,50.00,50.00,50.00,50.00,50.00,50.00,50.00,50.00,50.00,50.00,50.00,50.00,50.00,50.00,50.00,50.00,50.00,50.00,50.00,50.00,50.00,50.00,50.00,50.00,50.00,50.00
50.00,50.00,50.00,50.00,50.00,50.00,50.00,50.00,50.00,50.00,50.00,50.00,50.00,50.00,50.00,50.00,50.00,50.00,50.00,50.00,50.00,50.00,50.00,50.00,50.00,50.00,50.00,50.00,50.00,50.00,50.00,50.00,50.00,50.00,50.00,50.00,50.00,50.00,50.00,50.00,50.00,50.00,50.00,50.00,50.00,50.00,50.00,50.00,50.00,50.00,50.00,50.00,50.00,50.00,50.00,50.00,50.00,50.00,50.00,50.00,50.00,50.00,50.00,50.00,50.00,50.00,50.00,50.00,50.00,50.00,50.00,50.00,50.00,50.00,50.00,50.00,50.00,50.00,50.00,50.00,50.00,50.00,50.00,50.00,50.00,50.00,50.00,50.00,50.00,50.00,50.00,50.00,50.00,50.00,50.00,50.00,50.00,50.00,50.00,50.00
50.00,50.00,50.00,50.00,50.00,50.00,50.00,50.00,50.00,50.00,50.00,50.00,50.00,50.00,50.00,50.00,50.00,50.00,50.00,50.00,50.00,50.00,50.00,50.00,50.00,50.00,50.00,50.00,50.00,50.00,50.00,50.00,50.00,50.00,50.00,50.00,50.00,50.00,50.00,50.00,50.00,50.00,50.00,50.00,50.00,50.00,50.00,50.00,50.00,50.00,50.00,50.00,50.00,50.00,50.00,50.00,50.00,50.00,50.00,50.00,50.00,50.00,50.00,50.00,50.00,50.00,50.00,50.00,50.00,50.00,50.00,50.00,50.00,50.00,50.00,50.00,50.00,50.00,50.00,50.00,50.00,50.00,50.00,50.00,50.00,50.00,50.00,50.00,50.00,50.00,50.00,50.00,50.00,50.00,50.00,50.00,50.00,50.00,50.00,50.00
50.00,50.00,50.00,50.00,50.00,50.00,50.00,50.00,50.00,50.00,50.00,50.00,50.00,50.00,50.00,50.00,50.00,50.00,50.00,50.00,50.00,50.00,50.00,50.00,50.00,50.00,50.00,50.00,50.00,50.00,50.00,50.00,50.00,50.00,50.00,50.00,50.00,50.00,50.00,50.00,50.00,50.00,50.00,50.00,50.00,50.00,50.00,50.00,50.00,50.00,50.00,50.00,50.00,50.00,50.00,50.00,50.00,50.00,50.00,50.00,50.00,50.00,50.00,50.00,50.00,50.00,50.00,50.00,50.00,50.00,50.00,50.00,50.00,50.00,50.00,50.00,50.00,50.00,50.00,50.00,50.00,50.00,50.00,50.00,50.00,50.00,50.00,50.00,50.00,50.00,50.00,50.00,50.00,50.00,50.00,50.00,50.00,50.00,50.00,50.00
50.00,50.00,50.00,50.00,50.00,50.00,50.00,50.00,50.00,50.00,50.00,50.00,50.00,50.00,50.00,50.00,50.00,50.00,50.00,50.00,50.00,50.00,50.00,50.00,50.00,50.00,50.00,50.00,50.00,50.00,50.00,50.00,50.00,50.00,50.00,50.00,50.00,50.00,50.00,50.00,50.00,50.00,50.00,50.00,50.00,50.00,50.00,50.00,50.00,50.00,50.00,50.00,50.00,50.00,50.00,50.00,50.00,50.00,50.00,50.00,50.00,50.00,50.00,50.00,50.00,50.00,50.00,50.00,50.00,50.00,50.00,50.00,50.00,50.00,50.00,50.00,50.00,50.00,50.00,50.00,50.00,50.00,50.00,50.00,50.00,50.00,50.00,50.00,50.00,50.00,50.00,50.00,50.00,50.00,50.00,50.00,50.00,50.00,50.00,50.00
50.00,50.00,50.00,50.00,50.00,50.00,50.00,50.00,50.00,50.00,50.00,50.00,50.00,50.00,50.00,50.00,50.00,50.00,50.00,50.00,50.00,50.00,50.00,50.00,50.00,50.00,50.00,50.00,50.00,50.00,50.00,50.00,50.00,50.00,50.00,50.00,50.00,50.00,50.00,50.00,50.00,50.00,50.00,50.00,50.00,50.00,50.00,50.00,50.00,50.00,50.00,50.00,50.00,50.00,50.00,50.00,50.00,50.00,50.00,50.00,50.00,50.00,50.00,50.00,50.00,50.00,50.00,50.00,50.00,50.00,50.00,50.00,50.00,50.00,50.00,50.00,50.00,50.00,50.00,50.00,50.00,50.00,50.00,50.00,50.00,50.00,50.00,50.00,50.00,50.00,50.00,50.00,50.00,50.00,50.00,50.00,50.00,50.00,50.00,50.00
50.00,50.00,50.00,50.00,50.00,50.00,50.00,50.00,50.00,50.00,50.00,50.00,50.00,50.00,50.00,50.00,50.00,50.00,50.00,50.00,50.00,50.00,50.00,50.00,50.00,50.00,50.00,50.00,50.00,50.00,50.00,50.00,50.00,50.00,50.00,50.00,50.00,50.00,50.00,50.00,50.00,50.00,50.00,50.00,50.00,50.00,50.00,50.00,50.00,50.00,50.00,50.00,50.00,50.00,50.00,50.00,50.00,50.00,50.00,50.00,50.00,50.00,50.00,50.00,50.00,50.00,50.00,50.00,50.00,50.00,50.00,50.00,50.00,50.00,50.00,50.00,50.00,50.00,50.00,50.00,50.00,50.00,50.00,50.00,50.00,50.00,50.00,50.00,50.00,50.00,50.00,50.00,50.00,50.00,50.00,50.00,50.00,50.00,50.00,50.00
50.00,50.00,50.00,50.00,50.00,50.00,50.00,50.00,50.00,50.00,50.00,50.00,50.00,50.00,50.00,50.00,50.00,50.00,50.00,50.00,50.00,50.00,50.00,50.00,50.00,50.00,50.00,50.00,50.00,50.00,50.00,50.00,50.00,50.00,50.00,50.00,50.00,50.00,50.00,50.00,50.00,50.00,50.00,50.00,50.00,50.00,50.00,50.00,50.00,50.00,50.00,50.00,50.00,50.00,50.00,50.00,50.00,50.00,50.00,50.00,50.00,50.00,50.00,50.00,50.00,50.00,50.00,50.00,50.00,50.00,50.00,50.00,50.00,50.00,50.00,50.00,50.00,50.00,50.00,50.00,50.00,50.00,50.00,50.00,50.00,50.00,50.00,50.00,50.00,50.00,50.00,50.00,50.00,50.00,50.00,50.00,50.00,50.00,50.00,50.00
50.00,50.00,50.00,50.00,50.00,50.00,50.00,50.00,50.00,50.00,50.00,50.00,50.00,50.00,50.00,50.00,50.00,50.00,50.00,50.00,50.00,50.00,50.00,50.00,50.00,50.00,50.00,50.00,50.00,50.00,50.00,50.00,50.00,50.00,50.00,50.00,50.00,50.00,50.00,50.00,50.00,50.00,50.00,50.00,50.00,50.00,50.00,50.00,50.00,50.00,50.00,50.00,50.00,50.00,50.00,50.00,50.00,50.00,50.00,50.00,50.00,50.00,50.00,50.00,50.00,50.00,50.00,50.00,50.00,50.00,50.00,50.00,50.00,50.00,50.00,50.00,50.00,50.00,50.00,50.00,50.00,50.00,50.00,50.00,50.00,50.00,50.00,50.00,50.00,50.00,50.00,50.00,50.00,50.00,50.00,50.00,50.00,50.00,50.00,50.00
50.00,50.00,50.00,50.00,50.00,50.00,50.00,50.00,50.00,50.00,50.00,50.00,50.00,50.00,50.00,50.00,50.00,50.00,50.00,50.00,50.00,50.00,50.00,50.00,50.00,50.00,50.00,50.00,50.00,50.00,50.00,50.00,50.00,50.00,50.00,50.00,50.00,50.00,50.00,50.00,50.00,50.00,50.00,50.00,50.00,50.00,50.00,50.00,50.00,50.00,50.00,50.00,50.00,50.00,50.00,50.00,50.00,50.00,50.00,50.00,50.00,50.00,50.00,50.00,50.00,50.00,50.00,50.00,50.00,50.00,50.00,50.00,50.00,50.00,50.00,50.00,50.00,50.00,50.00,50.00,50.00,50.00,50.00,50.00,50.00,50.00,50.00,50.00,50.00,50.00,50.00,50.00,50.00,50.00,50.00,50.00,50.00,50.00,50.00,50.00
50.00,50.00,50.00,50.00,50.00,50.00,50.00,50.00,50.00,50.00,50.00,50.00,50.00,50.00,50.00,50.00,50.00,50.00,50.00,50.00,50.00,50.00,50.00,50.00,50.00,50.00,50.00,50.00,50.00,50.00,50.00,50.00,50.00,50.00,50.00,50.00,50.00,50.00,50.00,50.00,50.00,50.00,50.00,50.00,50.00,50.00,50.00,50.00,50.00,50.00,50.00,50.00,50.00,50.00,50.00,50.00,50.00,50.00,50.00,50.00,50.00,50.00,50.00,50.00,50.00,50.00,50.00,50.00,50.00,50.00,50.00,50.00,50.00,50.00,50.00,50.00,50.00,50.00,50.00,50.00,50.00,50.00,50.00,50.00,50.00,50.00,50.00,50.00,50.00,50.00,50.00,50.00,50.00,50.00,50.00,50.00,50.00,50.00,50.00,50.00
50.00,50.00,50.00,50.00,50.00,50.00,50.00,50.00,50.00,50.00,50.00,50.00,50.00,50.00,50.00,50.00,50.00,50.00,50.00,50.00,50.00,50.00,50.00,50.00,50.00,50.00,50.00,50.00,50.00,50.00,50.00,50.00,50.00,50.00,50.00,50.00,50.00,50.00,50.00,50.00,50.00,50.00,50.00,50.00,50.00,50.00,50.00,50.00,50.00,50.00,50.00,50.00,50.00,50.00,50.00,50.00,50.00,50.00,50.00,50.00,50.00,50.00,50.00,50.00,50.00,50.00,50.00,50.00,50.00,50.00,50.00,50.00,50.00,50.00,50.00,50.00,50.00,50.00,50.00,50.00,50.00,50.00,50.00,50.00,50.00,50.00,50.00,50.00,50.00,50.00,50.00,50.00,50.00,50.00,50.00,50.00,50.00,50.00,50.00,50.00
50.00,50.00,50.00,50.00,50.00,50.00,50.00,50.00,50.00,50.00,50.00,50.00,50.00,50.00,50.00,50.00,50.00,50.00,50.00,50.00,50.00,50.00,50.00,50.00,50.00,50.00,50.00,50.00,50.00,50.00,50.00,50.00,50.00,50.00,50.00,50.00,50.00,50.00,50.00,50.00,50.00,50.00,50.00,50.00,50.00,50.00,50.00,50.00,50.00,50.00,50.00,50.00,50.00,50.00,50.00,50.00,50.00,50.00,50.00,50.00,50.00,50.00,50.00,50.00,50.00,50.00,50.00,50.00,50.00,50.00,50.00,50.00,50.00,50.00,50.00,50.00,50.00,50.00,50.00,50.00,50.00,50.00,50.00,50.00,50.00,50.00,50.00,50.00,50.00,50.00,50.00,50.00,50.00,50.00,50.00,50.00,50.00,50.00,50.00,50.00
50.00,50.00,50.00,50.00,50.00,50.00,50.00,50.00,50.00,50.00,50.00,50.00,50.00,50.00,50.00,50.00,50.00,50.00,50.00,50.00,50.00,50.00,50.00,50.00,50.00,50.00,50.00,50.00,50.00,50.00,50.00,50.00,50.00,50.00,50.00,50.00,50.00,50.00,50.00,50.00,50.00,50.00,50.00,50.00,50.00,50.00,50.00,50.00,50.00,50.00,50.00,50.00,50.00,50.00,50.00,50.00,50.00,50.00,50.00,50.00,50.00,50.00,50.00,50.00,50.00,50.00,50.00,50.00,50.00,50.00,50.00,50.00,50.00,50.00,50.00,50.00,50.00,50.00,50.00,50.00,50.00,50.00,50.00,50.00,50.00,50.00,50.00,50.00,50.00,50.00,50.00,50.00,50.00,50.00,50.00,50.00,50.00,50.00,50.00,50.00
50.00,50.00,50.00,50.00,50.00,50.00,50.00,50.00,50.00,50.00,50.00,50.00,50.00,50.00,50.00,50.00,50.00,50.00,50.00,50.00,50.00,50.00,50.00,50.00,50.00,50.00,50.00,50.00,50.00,50.00,50.00,50.00,50.00,50.00,50.00,50.00,50.00,50.00,50.00,50.00,50.00,50.00,50.00,50.00,50.00,50.00,50.00,50.00,50.00,50.00,50.00,50.00,50.00,50.00,50.00,50.00,50.00,50.00,50.00,50.00,50.00,50.00,50.00,50.00,50.00,50.00,50.00,50.00,50.00,50.00,50.00,50.00,50.00,50.00,50.00,50.00,50.00,50.00,50.00,50.00,50.00,50.00,50.00,50.00,50.00,50.00,50.00,50.00,50.00,50.00,50.00,50.00,50.00,50.00,50.00,50.00,50.00,50.00,50.00,50.00
